{
 "metadata": {
  "language_info": {
   "codemirror_mode": {
    "name": "ipython",
    "version": 3
   },
   "file_extension": ".py",
   "mimetype": "text/x-python",
   "name": "python",
   "nbconvert_exporter": "python",
   "pygments_lexer": "ipython3",
   "version": "2.7.17-final"
  },
  "orig_nbformat": 2,
  "kernelspec": {
   "name": "python271764bit37fec511d5934a7b9fc89900e0c0fcb5",
   "display_name": "Python 2.7.17 64-bit",
   "language": "python"
  }
 },
 "nbformat": 4,
 "nbformat_minor": 2,
 "cells": [
  {
   "cell_type": "code",
   "execution_count": 1,
   "metadata": {},
   "outputs": [],
   "source": [
    "import numpy as np\n",
    "import matplotlib.image as mpimg\n",
    "import cv2\n",
    "import sys\n",
    "import pickle\n",
    "import os\n",
    "from datetime import date"
   ]
  },
  {
   "cell_type": "code",
   "execution_count": 3,
   "metadata": {},
   "outputs": [
    {
     "output_type": "stream",
     "name": "stdout",
     "text": [
      "[[631.67934587   0.         327.59874164]\n [  0.         634.35127977 217.73236375]\n [  0.           0.           1.        ]]\n[[ 8.20953340e-02  1.06112541e+00 -1.34680185e-02  2.88612993e-03\n  -4.77827126e+00]]\n"
     ]
    }
   ],
   "source": [
    "#intrinsic calibration with checkerboard\n",
    "import numpy as np\n",
    "import matplotlib.image as mpimg\n",
    "import cv2\n",
    "import sys\n",
    "import pickle\n",
    "import os\n",
    "from datetime import date\n",
    "\n",
    "chess_size = (8, 5) #size of chessboard in calibration images\n",
    "\n",
    "def calibrate(directory, size):\n",
    "    #This functions return the camera matrix and distortion coefficients by perfroming calibration on a set of chessboard images\n",
    "    #obtaining files in directory\n",
    "    cal_files = os.listdir(directory)\n",
    "\n",
    "    #defining image and object points\n",
    "    img_points = []\n",
    "    obj_points = []\n",
    "    objp = np.zeros((size[0]*size[1],3), np.float32)\n",
    "    objp[:,:2] = np.mgrid[0:size[0], 0:size[1]].T.reshape(-1,2)\n",
    "\n",
    "    #iterating over images in directory \n",
    "    for file in cal_files:\n",
    "\n",
    "        #reading image\n",
    "        if(file[-3:]==\"png\"):\n",
    "            cal_img = mpimg.imread(directory + file)\n",
    "\n",
    "            #converting to grayscale\n",
    "            gray = cv2.cvtColor(cal_img, cv2.COLOR_RGB2GRAY)\n",
    "            gray = np.uint8(gray*255)\n",
    "            # gray = np.uint8(cal_img*255)\n",
    "\n",
    "            #obtaining corners in chessboard\n",
    "            ret, corners = cv2.findChessboardCorners(gray, size)\n",
    "            \n",
    "            if (ret):\n",
    "                img = cv2.drawChessboardCorners(cal_img, size, corners, ret)\n",
    "                cv2.imshow('img',img)\n",
    "                cv2.waitKey(100)\n",
    "\n",
    "                img_points.append(corners)\n",
    "                obj_points.append(objp)\n",
    "\n",
    "    #performing calibration\n",
    "    ret, cam_mtx, dist_coef, rvecs, tvecs = cv2.calibrateCamera(obj_points, img_points, gray.shape[::-1], None, None)\n",
    "\n",
    "    return cam_mtx, dist_coef, rvecs, tvecs\n",
    "\n",
    "\t\n",
    "calibrate_img_dir = \"../d435_calibration/\"\n",
    "#initialize\n",
    "\n",
    "mtx = np.ndarray(shape=(3,3)) #setting camera matrix as global variables\n",
    "dist = np.ndarray(shape=(1,5))  #setting distortion coefficients as global variables\n",
    "\n",
    "\n",
    "#perform calibration\n",
    "[mtx, dist, rvecs, tvecs] = calibrate(calibrate_img_dir, chess_size)\n",
    "print mtx\n",
    "print dist\n",
    "\n",
    "#save calibration parameters\n",
    "calibration_results = {\"camera_matrix\": mtx,\n",
    "                        \"distortion_coefficients\": dist}\n",
    "calibration_results_dir = 'davis_calibration_' + str(date.today()) + '.pickle'\n",
    "pickle.dump(calibration_results, open(calibration_results_dir, 'wb'))"
   ]
  },
  {
   "cell_type": "code",
   "execution_count": 2,
   "metadata": {},
   "outputs": [
    {
     "output_type": "stream",
     "name": "stdout",
     "text": [
      "[[335.18997292   0.         112.27461255]\n [  0.         338.07111248  76.06521926]\n [  0.           0.           1.        ]]\n[[-5.99976243e-01  3.63997335e+00 -6.45085272e-03 -3.07650721e-03\n  -1.04051991e+01]]\n"
     ]
    }
   ],
   "source": [
    "#intrinsic calibration with charuco\n",
    "import numpy as np\n",
    "import matplotlib.image as mpimg\n",
    "import cv2\n",
    "from cv2 import aruco\n",
    "import sys\n",
    "import pickle\n",
    "import os\n",
    "from datetime import date\n",
    "\n",
    "#Charuco properties\n",
    "aruco_params = aruco.DetectorParameters_create()\n",
    "aruco_params.cornerRefinementMethod = aruco.CORNER_REFINE_SUBPIX\n",
    "aruco_params.cornerRefinementWinSize = 5\n",
    "aruco_params.cornerRefinementMinAccuracy = 0.001\n",
    "aruco_params.cornerRefinementMaxIterations = 5\n",
    "# charuco_dict = aruco.Dictionary_get(aruco.DICT_5X5_250)\n",
    "# CHARUCO_BOARD = aruco.CharucoBoard_create(\n",
    "#         squaresX=18,\n",
    "#         squaresY=18,\n",
    "#         squareLength=0.015,\n",
    "#         markerLength=0.01,\n",
    "#         dictionary=charuco_dict)\n",
    "charuco_dict = aruco.Dictionary_get(aruco.DICT_4X4_1000)\n",
    "CHARUCO_BOARD = aruco.CharucoBoard_create(\n",
    "        squaresX=8,\n",
    "        squaresY=12,\n",
    "        squareLength=0.025,\n",
    "        markerLength=0.020,\n",
    "        dictionary=charuco_dict)\n",
    "\n",
    "\n",
    "def calibrate_charuco(directory):\n",
    "    #This functions return the camera matrix and distortion coefficients by perfroming calibration on a set of chessboard images\n",
    "    #obtaining files in directory\n",
    "    cal_files = os.listdir(directory)\n",
    "\n",
    "    #defining image and object points\n",
    "    img_points = []\n",
    "    obj_points = []\n",
    "\n",
    "    corners_all = []\n",
    "    ids_all = []\n",
    "\n",
    "    #iterating over images in directory \n",
    "    for file in cal_files:\n",
    "\n",
    "        #reading image\n",
    "        if(file[-3:]==\"png\"):\n",
    "            cal_img = mpimg.imread(directory + file)\n",
    "\n",
    "            #converting to grayscale\n",
    "            # gray = cv2.cvtColor(cal_img, cv2.COLOR_RGB2GRAY)\n",
    "            # gray = np.uint8(gray*255)\n",
    "            gray = np.uint8(cal_img*255)\n",
    "\n",
    "            #obtaining corners in charuco\n",
    "            corners, ids, _ = aruco.detectMarkers(\n",
    "                        image=gray,\n",
    "                        dictionary=charuco_dict,\n",
    "                        parameters=aruco_params)\n",
    "\n",
    "            response, chararuco_corners, chararuco_ids = aruco.interpolateCornersCharuco(\n",
    "                markerCorners=corners,\n",
    "                markerIds=ids,\n",
    "                image=gray,\n",
    "                board=CHARUCO_BOARD)\n",
    "\n",
    "            if response > 6:\n",
    "                corners_all.append(chararuco_corners)\n",
    "                ids_all.append(chararuco_ids)\n",
    "\n",
    "\n",
    "    #performing calibration\n",
    "\n",
    "    mtx = np.ndarray(shape=(3,3)) #setting camera matrix as global variables\n",
    "    dist = np.ndarray(shape=(1,5))  #setting distortion coefficients as global variables\n",
    "    calibration, cam_mtx, dist_coef, rvecs, tvecs = aruco.calibrateCameraCharuco(\n",
    "                charucoCorners=corners_all,\n",
    "                charucoIds=ids_all,\n",
    "                board=CHARUCO_BOARD,\n",
    "                imageSize=(346, 260),\n",
    "                cameraMatrix=None,\n",
    "                distCoeffs=None)\n",
    "\n",
    "    return cam_mtx, dist_coef, rvecs, tvecs\n",
    "\n",
    "\t\n",
    "calibrate_img_dir = \"../../../../davis240_calibration/\"\n",
    "#initialize\n",
    "\n",
    "mtx = np.ndarray(shape=(3,3)) #setting camera matrix as global variables\n",
    "dist = np.ndarray(shape=(1,5))  #setting distortion coefficients as global variables\n",
    "\n",
    "\n",
    "#perform calibration\n",
    "[mtx, dist, rvecs, tvecs] = calibrate_charuco(calibrate_img_dir)\n",
    "print mtx\n",
    "print dist\n",
    "\n",
    "#save calibration parameters\n",
    "calibration_results = {\"camera_matrix\": mtx,\n",
    "                        \"distortion_coefficients\": dist}\n",
    "calibration_results_dir = 'davis240_calibration_' + str(date.today()) + '.pickle'\n",
    "pickle.dump(calibration_results, open(calibration_results_dir, 'wb'))"
   ]
  },
  {
   "cell_type": "code",
   "execution_count": 4,
   "metadata": {},
   "outputs": [
    {
     "output_type": "stream",
     "name": "stdout",
     "text": [
      "[[-9.99999989e-01 -1.00774547e-04  1.09043311e-04 -1.49972876e-01]\n",
      " [-1.09058589e-04  1.51611869e-04 -9.99999983e-01 -5.69039443e-01]\n",
      " [ 1.00758013e-04 -9.99999983e-01 -1.51622858e-04  6.99929151e-01]\n",
      " [ 0.00000000e+00  0.00000000e+00  0.00000000e+00  1.00000000e+00]]\n",
      "[[-7.11495488]\n",
      " [-2.94999806]\n",
      " [63.47220117]]\n",
      "[[-0.03759433]\n",
      " [-0.00409538]\n",
      " [ 0.05255886]]\n",
      "[[-9.99999999e-01  6.63064898e-06  3.76710246e-05 -1.75464466e-01]\n",
      " [-3.68207889e-05  9.98408298e-02 -9.95003421e-01 -6.56659884e-01]\n",
      " [-1.03586248e-05 -9.95003421e-01 -9.98408295e-02  6.08242219e-01]\n",
      " [ 0.00000000e+00  0.00000000e+00  0.00000000e+00  1.00000000e+00]]\n",
      "[[-9.68233761]\n",
      " [-0.06482585]\n",
      " [53.78450842]]\n",
      "[[ 0.07397873]\n",
      " [-0.00021661]\n",
      " [ 0.05167192]]\n",
      "[[-0.99827341  0.05868887  0.002413   -0.14270423]\n",
      " [ 0.00234838  0.08092519 -0.99671741 -0.5847015 ]\n",
      " [-0.05869149 -0.99499082 -0.08092329  0.75164295]\n",
      " [ 0.          0.          0.          1.        ]]\n",
      "[[-2.22990098]\n",
      " [-6.68490343]\n",
      " [69.6451124 ]]\n",
      "[[0.03951076]\n",
      " [0.05041696]\n",
      " [0.0528152 ]]\n",
      "[[-0.99548283  0.09493069  0.00144922 -0.24956186]\n",
      " [ 0.00148881  0.03087111 -0.99952226 -0.59948348]\n",
      " [-0.09493008 -0.99500509 -0.03087299  0.62020307]\n",
      " [ 0.          0.          0.          1.        ]]\n",
      "[[-11.59825753]\n",
      " [ -1.94301653]\n",
      " [ 58.22319967]]\n",
      "[[0.0032597 ]\n",
      " [0.09668579]\n",
      " [0.04846632]]\n",
      "[[-0.99548274  0.09493092 -0.00149638 -0.18024862]\n",
      " [-0.00142418 -0.03068996 -0.99952794 -0.51593331]\n",
      " [-0.09493203 -0.99501068  0.03068652  0.76021673]\n",
      " [ 0.          0.          0.          1.        ]]\n",
      "[[-3.31354294]\n",
      " [-5.63050642]\n",
      " [72.63231125]]\n",
      "[[-0.07409171]\n",
      " [ 0.08619745]\n",
      " [ 0.05153692]]\n",
      "[[-0.99827881  0.05860011 -0.00233299 -0.21429308]\n",
      " [-0.00240578 -0.08066566 -0.99673831 -0.57272195]\n",
      " [-0.05859717 -0.99501712  0.0806678   0.60224004]\n",
      " [ 0.          0.          0.          1.        ]]\n",
      "[[-10.35499614]\n",
      " [  1.53752049]\n",
      " [ 55.45180247]]\n",
      "[[-0.1062451 ]\n",
      " [ 0.05898308]\n",
      " [ 0.05016612]]\n",
      "[[-1.00000000e+00 -1.66717162e-05  5.62536350e-06 -1.00279212e-01]\n",
      " [-3.93343579e-06 -9.98003423e-02 -9.95007483e-01 -5.07806601e-01]\n",
      " [ 1.71498956e-05 -9.95007483e-01  9.98003423e-02  7.37958012e-01]\n",
      " [ 0.00000000e+00  0.00000000e+00  0.00000000e+00  1.00000000e+00]]\n",
      "[[-2.17785121]\n",
      " [-1.96508773]\n",
      " [68.39154663]]\n",
      "[[-0.13453314]\n",
      " [-0.0085177 ]\n",
      " [ 0.05350342]]\n",
      "[[-0.99827889 -0.0585962   0.00239544 -0.14312861]\n",
      " [ 0.00235369 -0.08084543 -0.99672387 -0.53417797]\n",
      " [ 0.0585979  -0.99500276  0.0808442   0.62879677]\n",
      " [ 0.          0.          0.          1.        ]]\n",
      "[[-9.74316116]\n",
      " [-2.21449429]\n",
      " [55.18723174]]\n",
      "[[-0.1182392 ]\n",
      " [-0.05701206]\n",
      " [ 0.0527846 ]]\n",
      "[[-0.9954863  -0.0948945   0.00143744 -0.05060071]\n",
      " [ 0.00149176 -0.03078985 -0.99952477 -0.51250615]\n",
      " [ 0.09489367 -0.99501106  0.03079244  0.65062111]\n",
      " [ 0.          0.          0.          1.        ]]\n",
      "[[-2.62338372]\n",
      " [-6.98002892]\n",
      " [56.96286067]]\n",
      "[[-0.06968629]\n",
      " [-0.10259898]\n",
      " [ 0.05616667]]\n",
      "[[-0.99548257 -0.09493323 -0.00145854 -0.10265421]\n",
      " [-0.00148471  0.03092543 -0.99952059 -0.60948657]\n",
      " [ 0.09493282 -0.99500317 -0.03092668  0.66701885]\n",
      " [ 0.          0.          0.          1.        ]]\n",
      "[[-8.07698824]\n",
      " [-0.98062633]\n",
      " [57.58654913]]\n",
      "[[-0.00027557]\n",
      " [-0.09622681]\n",
      " [ 0.05435911]]\n",
      "[[-0.99827137 -0.05872457 -0.00238695 -0.14687908]\n",
      " [-0.00236646  0.08074172 -0.99673225 -0.61677081]\n",
      " [ 0.0587254  -0.99500362 -0.08074112  0.68805227]\n",
      " [ 0.          0.          0.          1.        ]]\n",
      "[[-10.44161322]\n",
      " [ -3.33813605]\n",
      " [ 60.25846178]]\n",
      "[[ 0.0463612 ]\n",
      " [-0.05650511]\n",
      " [ 0.05252694]]\n",
      "[[-9.99999999e-01 -3.74323089e-05 -3.99462737e-05 -1.73588476e-01]\n",
      " [ 3.17118166e-05  1.98703143e-01 -9.80059723e-01 -6.41330308e-01]\n",
      " [ 4.46233484e-05 -9.80059722e-01 -1.98703141e-01  6.73757353e-01]\n",
      " [ 0.00000000e+00  0.00000000e+00  0.00000000e+00  1.00000000e+00]]\n",
      "[[-9.38632346]\n",
      " [-8.07006331]\n",
      " [59.66252324]]\n",
      "[[ 0.16080346]\n",
      " [-0.00213389]\n",
      " [ 0.05140873]]\n",
      "[[-0.99311942  0.11672337  0.00945916 -0.22352554]\n",
      " [ 0.00949224  0.16074463 -0.98695038 -0.70801331]\n",
      " [-0.11672069 -0.9800698  -0.16074658  0.67979967]\n",
      " [ 0.          0.          0.          1.        ]]\n",
      "[[-6.99513665]\n",
      " [ 0.69386394]\n",
      " [65.11237443]]\n",
      "[[0.13389289]\n",
      " [0.10979073]\n",
      " [0.05015061]]\n",
      "[[-0.98197468  0.18891955  0.00592789 -0.21704906]\n",
      " [ 0.00579235  0.06142583 -0.99809484 -0.5865631 ]\n",
      " [-0.18892375 -0.98006952 -0.0614129   0.66239986]\n",
      " [ 0.          0.          0.          1.        ]]\n",
      "[[-1.83173223]\n",
      " [-4.95601437]\n",
      " [64.31415201]]\n",
      "[[0.02431373]\n",
      " [0.17991106]\n",
      " [0.04995947]]\n",
      "[[-0.98197839  0.18890179 -0.00587866 -0.27230645]\n",
      " [-0.00584558 -0.06144826 -0.99809315 -0.5617192 ]\n",
      " [-0.18890282 -0.98007154  0.0614451   0.68171979]\n",
      " [ 0.          0.          0.          1.        ]]\n",
      "[[-6.92684369]\n",
      " [ 0.55984425]\n",
      " [68.10736287]]\n",
      "[[-0.0949227 ]\n",
      " [ 0.18239712]\n",
      " [ 0.04822125]]\n",
      "[[-0.993119    0.11672215 -0.00951799 -0.26002028]\n",
      " [-0.0094331  -0.16074058 -0.98695161 -0.42936262]\n",
      " [-0.11672904 -0.98007061  0.16073558  0.6392256 ]\n",
      " [ 0.          0.          0.          1.        ]]\n",
      "[[-10.83566008]\n",
      " [ -6.98687276]\n",
      " [ 63.93597241]]\n",
      "[[-0.20265202]\n",
      " [ 0.11698671]\n",
      " [ 0.0472973 ]]\n",
      "[[-9.99999995e-01 -4.51309650e-05  9.11297170e-05 -1.49670842e-01]\n",
      " [-8.03506403e-05 -1.98612902e-01 -9.80078012e-01 -4.70983230e-01]\n",
      " [ 6.23314040e-05 -9.80078014e-01  1.98612897e-01  6.18147957e-01]\n",
      " [ 0.00000000e+00  0.00000000e+00  0.00000000e+00  1.00000000e+00]]\n",
      "[[-7.08809857]\n",
      " [-1.58095127]\n",
      " [57.23580107]]\n",
      "[[-0.23701491]\n",
      " [-0.0020593 ]\n",
      " [ 0.05247674]]\n",
      "[[-0.99310263 -0.11686169  0.00951406 -0.04250031]\n",
      " [ 0.00944043 -0.16057859 -0.98697791 -0.4269357 ]\n",
      " [ 0.11686767 -0.98008054  0.16057424  0.70047333]\n",
      " [ 0.          0.          0.          1.        ]]\n",
      "[[-3.90290054]\n",
      " [-6.65137591]\n",
      " [64.03420983]]\n",
      "[[-0.20311521]\n",
      " [-0.12246986]\n",
      " [ 0.05565939]]\n",
      "[[-0.98196184 -0.18898803  0.00587138 -0.03971815]\n",
      " [ 0.00583277 -0.06131493 -0.99810143 -0.57172185]\n",
      " [ 0.18898923 -0.98006326  0.06131124  0.6273678 ]\n",
      " [ 0.          0.          0.          1.        ]]\n",
      "[[-6.61452776]\n",
      " [ 0.31625165]\n",
      " [52.32464314]]\n",
      "[[-0.09211406]\n",
      " [-0.19166484]\n",
      " [ 0.05693085]]\n",
      "[[-0.98195331 -0.18903185 -0.00588624 -0.03124903]\n",
      " [-0.00584089  0.06142089 -0.99809486 -0.56575532]\n",
      " [ 0.18903326 -0.98004818 -0.06141656  0.61079053]\n",
      " [ 0.          0.          0.          1.        ]]\n",
      "[[-5.24541206]\n",
      " [-7.058247  ]\n",
      " [49.98691466]]\n",
      "[[ 0.02284868]\n",
      " [-0.19576386]\n",
      " [ 0.05753227]]\n",
      "[[-0.99311652 -0.1167532  -0.00939551 -0.12915901]\n",
      " [-0.00956615  0.16079325 -0.98694175 -0.6779161 ]\n",
      " [ 0.11673934 -0.98005827 -0.16080331  0.64261302]\n",
      " [ 0.          0.          0.          1.        ]]\n",
      "[[-11.73146167]\n",
      " [ -1.65238245]\n",
      " [ 54.16347038]]\n",
      "[[ 0.13013083]\n",
      " [-0.11566939]\n",
      " [ 0.05307601]]\n",
      "[[-1.00000000e+00 -1.88737094e-05 -1.65631593e-05 -1.68979142e-01]\n",
      " [ 1.02432743e-05  2.95626616e-01 -9.55303566e-01 -7.63219834e-01]\n",
      " [ 2.29266326e-05 -9.55303566e-01 -2.95626616e-01  7.04880832e-01]\n",
      " [ 0.00000000e+00  0.00000000e+00  0.00000000e+00  1.00000000e+00]]\n",
      "[[-9.02089537]\n",
      " [-3.08774611]\n",
      " [64.8124727 ]]\n",
      "[[ 0.26524277]\n",
      " [-0.00398804]\n",
      " [ 0.05174697]]\n",
      "[[-0.98457422  0.17367978  0.02118805 -0.26640427]\n",
      " [ 0.02129572  0.23914984 -0.97074912 -0.73627198]\n",
      " [-0.17366661 -0.95532334 -0.23915941  0.66275323]\n",
      " [ 0.          0.          0.          1.        ]]\n",
      "[[-7.51749944]\n",
      " [-1.58189151]\n",
      " [65.87791542]]\n",
      "[[0.21051004]\n",
      " [0.16964368]\n",
      " [0.04840627]]\n",
      "[[-0.95961374  0.28101212  0.01317809 -0.33209971]\n",
      " [ 0.01312365  0.09150955 -0.99571772 -0.59097091]\n",
      " [-0.28101467 -0.95533145 -0.09150173  0.64403637]\n",
      " [ 0.          0.          0.          1.        ]]\n",
      "[[-7.13978917]\n",
      " [-6.48835684]\n",
      " [67.28918669]]\n",
      "[[0.05849602]\n",
      " [0.28010423]\n",
      " [0.04452359]]\n",
      "[[-0.95960197  0.28105793 -0.01305749 -0.3172793 ]\n",
      " [-0.01319271 -0.09130346 -0.99573572 -0.49660537]\n",
      " [-0.28105161 -0.9553377   0.0913229   0.70714609]\n",
      " [ 0.          0.          0.          1.        ]]\n",
      "[[-3.75621439]\n",
      " [-3.15434964]\n",
      " [74.88678281]]\n",
      "[[-0.12870473]\n",
      " [ 0.27748944]\n",
      " [ 0.04607383]]\n",
      "[[-0.98456447  0.17372256 -0.02129019 -0.23248397]\n",
      " [-0.02117888 -0.23900307 -0.97078782 -0.48385527]\n",
      " [-0.17373617 -0.95535229  0.23899318  0.56655014]\n",
      " [ 0.          0.          0.          1.        ]]\n",
      "[[-5.73675782]\n",
      " [ 1.58040442]\n",
      " [57.09663685]]\n",
      "[[-0.2790789 ]\n",
      " [ 0.17273409]\n",
      " [ 0.04955709]]\n",
      "[[-9.99999995e-01 -8.23865472e-05  5.94133582e-05 -1.74831496e-01]\n",
      " [-3.24208124e-05 -2.95441281e-01 -9.55360900e-01 -3.99396938e-01]\n",
      " [ 9.62620445e-05 -9.55360897e-01  2.95441277e-01  6.32408671e-01]\n",
      " [ 0.00000000e+00  0.00000000e+00  0.00000000e+00  1.00000000e+00]]\n",
      "[[-9.6247118 ]\n",
      " [-2.06219582]\n",
      " [61.10849327]]\n",
      "[[-3.39043413e-01]\n",
      " [-2.84886598e-04]\n",
      " [ 5.12881880e-02]]\n",
      "[[-0.9845535  -0.17379365  0.02121722 -0.06936222]\n",
      " [ 0.02126574 -0.23898864 -0.97078947 -0.4852474 ]\n",
      " [ 0.17378772 -0.95534297  0.23899295  0.63263707]\n",
      " [ 0.          0.          0.          1.        ]]\n",
      "[[-9.14854742]\n",
      " [ 2.07691919]\n",
      " [54.52508116]]\n",
      "[[-0.27918759]\n",
      " [-0.17407779]\n",
      " [ 0.05504337]]\n",
      "[[-9.59586420e-01 -2.81108521e-01  1.31111332e-02  2.31793320e-04]\n",
      " [ 1.31474426e-02 -9.13217318e-02 -9.95734646e-01 -4.94538297e-01]\n",
      " [ 2.81106825e-01 -9.55321067e-01  9.13269518e-02  6.75524984e-01]\n",
      " [ 0.00000000e+00  0.00000000e+00  0.00000000e+00  1.00000000e+00]]\n",
      "[[-9.1345064 ]\n",
      " [-5.14181505]\n",
      " [56.49595243]]\n",
      "[[-0.13362156]\n",
      " [-0.28567102]\n",
      " [ 0.05766742]]\n",
      "[[-0.95958498 -0.28110957 -0.01319383 -0.0035228 ]\n",
      " [-0.01308461  0.09139947 -0.99572834 -0.60051265]\n",
      " [ 0.28111468 -0.95531332 -0.09138376  0.63359764]\n",
      " [ 0.          0.          0.          1.        ]]\n",
      "[[-8.04321902]\n",
      " [-5.3844362 ]\n",
      " [50.47938414]]\n",
      "[[ 0.05319524]\n",
      " [-0.28735647]\n",
      " [ 0.05805155]]\n",
      "[[-0.98455515 -0.17376869 -0.02134461 -0.08137302]\n",
      " [-0.02116575  0.23916335 -0.97074863 -0.74693849]\n",
      " [ 0.17379057 -0.95530379 -0.23914745  0.67284043]\n",
      " [ 0.          0.          0.          1.        ]]\n",
      "[[-1.09123275e+01]\n",
      " [ 2.81498749e-02]\n",
      " [ 5.71861094e+01]]\n",
      "[[ 0.20889125]\n",
      " [-0.17631959]\n",
      " [ 0.05432929]]\n"
     ]
    }
   ],
   "source": [
    "import numpy as np\n",
    "import cv2\n",
    "import matplotlib.image as mpimg\n",
    "import pickle\n",
    "import os\n",
    "from scipy.spatial.transform import Rotation as R\n",
    "\n",
    "#Extrensic calibration with checker board\n",
    "\n",
    "img_dir = '../'\n",
    "calibration_filemame = '../d435_calibration_2021-03-02.pickle'\n",
    "pose_data_filename = '../d435_calibration_data2021-01-21.pickle'\n",
    "\n",
    "chessboard_size = (8, 5)\n",
    "\n",
    "calibration_file = open(calibration_filemame, 'rb')\n",
    "calibration_results = pickle.load(calibration_file)\n",
    "\n",
    "mtx = calibration_results['camera_matrix']\n",
    "dist = calibration_results['distortion_coefficients']\n",
    "\n",
    "pose_data_file = open(pose_data_filename, 'rb')\n",
    "pose_data = pickle.load(pose_data_file)\n",
    "\n",
    "object_points = np.zeros((chessboard_size[0]*chessboard_size[1],3), np.float32)\n",
    "object_points[:,:2] = 3*np.mgrid[0:chessboard_size[0], 0:chessboard_size[1]].T.reshape(-1,2)\n",
    "\n",
    "\n",
    "def draw(img, corners, imgpts):\n",
    "    corner = tuple(corners[0].ravel())\n",
    "    img = cv2.line(img, corner, tuple(imgpts[0].ravel()), (255,0,0), 5)\n",
    "    img = cv2.line(img, corner, tuple(imgpts[1].ravel()), (0,255,0), 5)\n",
    "    img = cv2.line(img, corner, tuple(imgpts[2].ravel()), (0,0,255), 5)\n",
    "    return img\n",
    "\n",
    "B_T0 = [] #transform from base to tool0\n",
    "C_AR = [] #transform from camera to aruco\n",
    "\n",
    "#iterating over images in directory \n",
    "for pose_step in pose_data:\n",
    "    print(pose_step['ee_pose'])\n",
    "    image_file = pose_step['image_dir']\n",
    "    \n",
    "    #reading image\n",
    "    if(image_file[-3:]==\"png\"):\n",
    "        #load image\n",
    "        img = mpimg.imread(img_dir + image_file)\n",
    "\n",
    "        #converting to grayscale\n",
    "        gray = cv2.cvtColor(img, cv2.COLOR_RGB2GRAY)\n",
    "        gray = np.uint8(gray*255)\n",
    "        # gray = np.uint8(img*255)\n",
    "        cv2.imshow('img',gray)\n",
    "        k = cv2.waitKey(0) & 0xFF\n",
    "\n",
    "        #obtaining corners in chessboard\n",
    "        ret, corners = cv2.findChessboardCorners(gray, chessboard_size)\n",
    "        if ret:\n",
    "            #refine corner estimation\n",
    "            criteria = (cv2.TERM_CRITERIA_EPS + cv2.TERM_CRITERIA_MAX_ITER, 30, 0.001)\n",
    "            corners2 = cv2.cornerSubPix(gray, corners, (5,5), (-1,-1),criteria)\n",
    "\n",
    "            # Find the rotation and translation vectors.\n",
    "            ret,rvecs, tvecs = cv2.solvePnP(object_points, corners2, mtx, dist)\n",
    "\n",
    "            rot_mat = cv2.Rodrigues(rvecs)\n",
    "\n",
    "            axis = np.float32([[10,0,0], [0,10,0], [0,0,10]]).reshape(-1,3)\n",
    "\n",
    "            # project 3D points to image plane\n",
    "            imgpts, jac = cv2.projectPoints(axis, rvecs, tvecs, mtx, dist)\n",
    "\n",
    "            img = draw(img,corners2,imgpts)\n",
    "            cv2.imshow('img',img)\n",
    "            k = cv2.waitKey(0) & 0xFF\n",
    "            if k == ord('s'):\n",
    "                cv2.imwrite('annotated'+'.png', img)\n",
    "\n",
    "            B_T0.append(pose_step['ee_pose'])\n",
    "\n",
    "            p_cam_board = np.array(tvecs/100).reshape(3,-1)\n",
    "            rotv_cam_board = np.array(rvecs).reshape(3)\n",
    "            R_cam_board = R.from_rotvec(rotv_cam_board)\n",
    "            DCM_cam_board = R_cam_board.as_dcm()\n",
    "            C_AR.append(np.vstack([np.c_[DCM_cam_board, p_cam_board], [0, 0, 0, 1]]))\n",
    "\n",
    "\n",
    "\n",
    "            print(tvecs)\n",
    "            print(rvecs)\n"
   ]
  },
  {
   "cell_type": "code",
   "execution_count": 1,
   "metadata": {},
   "outputs": [
    {
     "output_type": "error",
     "ename": "TypeError",
     "evalue": "'NoneType' object has no attribute '__getitem__'",
     "traceback": [
      "\u001b[0;31m\u001b[0m",
      "\u001b[0;31mTypeError\u001b[0mTraceback (most recent call last)",
      "\u001b[0;32m<ipython-input-1-cb20d59bd195>\u001b[0m in \u001b[0;36m<module>\u001b[0;34m()\u001b[0m\n\u001b[1;32m     39\u001b[0m     \u001b[0mcv2\u001b[0m\u001b[0;34m.\u001b[0m\u001b[0mimwrite\u001b[0m\u001b[0;34m(\u001b[0m\u001b[0;34m'annotated_aruco'\u001b[0m\u001b[0;34m+\u001b[0m\u001b[0;34m'.png'\u001b[0m\u001b[0;34m,\u001b[0m \u001b[0mframe_markers\u001b[0m\u001b[0;34m)\u001b[0m\u001b[0;34m\u001b[0m\u001b[0m\n\u001b[1;32m     40\u001b[0m \u001b[0;34m\u001b[0m\u001b[0m\n\u001b[0;32m---> 41\u001b[0;31m \u001b[0;32mprint\u001b[0m\u001b[0;34m(\u001b[0m\u001b[0mtvecs\u001b[0m\u001b[0;34m[\u001b[0m\u001b[0;36m0\u001b[0m\u001b[0;34m]\u001b[0m\u001b[0;34m)\u001b[0m\u001b[0;34m\u001b[0m\u001b[0m\n\u001b[0m\u001b[1;32m     42\u001b[0m \u001b[0;32mprint\u001b[0m\u001b[0;34m(\u001b[0m\u001b[0mrvecs\u001b[0m\u001b[0;34m[\u001b[0m\u001b[0;36m0\u001b[0m\u001b[0;34m]\u001b[0m\u001b[0;34m)\u001b[0m\u001b[0;34m\u001b[0m\u001b[0m\n\u001b[1;32m     43\u001b[0m \u001b[0;32mprint\u001b[0m\u001b[0;34m(\u001b[0m\u001b[0mtrash\u001b[0m\u001b[0;34m)\u001b[0m\u001b[0;34m\u001b[0m\u001b[0m\n",
      "\u001b[0;31mTypeError\u001b[0m: 'NoneType' object has no attribute '__getitem__'"
     ]
    }
   ],
   "source": [
    "#Extrensic calibration with aruco\n",
    "import numpy as np\n",
    "import cv2\n",
    "import matplotlib.image as mpimg\n",
    "import pickle\n",
    "from cv2 import aruco\n",
    "\n",
    "img_file = '../images/test_aruco.png'\n",
    "calibration_file = '../calibration_2021-01-09.pickle'\n",
    "\n",
    "#ARUCO properties\n",
    "aruco_dict = aruco.Dictionary_get(aruco.DICT_6X6_250)\n",
    "size_of_marker = 0.06\n",
    "\n",
    "my_file = open(calibration_file, 'rb')\n",
    "calibration_results = pickle.load(my_file)\n",
    "\n",
    "mtx = calibration_results['camera_matrix']\n",
    "dist = calibration_results['distortion_coefficients']\n",
    "\n",
    "#load image\n",
    "img = mpimg.imread(img_file)\n",
    "\n",
    "#converting to grayscale\n",
    "gray = cv2.cvtColor(img, cv2.COLOR_RGB2GRAY)\n",
    "gray = np.uint8(gray*255)\n",
    "\n",
    "corners = []\n",
    "parameters =  aruco.DetectorParameters_create()\n",
    "corners, ids, rejectedImgPoints = aruco.detectMarkers(gray, aruco_dict, parameters=parameters)\n",
    "\n",
    "frame_markers = aruco.drawDetectedMarkers(img.copy(), corners, ids)\n",
    "\n",
    "rvecs, tvecs, trash = aruco.estimatePoseSingleMarkers(corners, size_of_marker, mtx, dist)\n",
    "\n",
    "cv2.imshow('img',frame_markers)\n",
    "k = cv2.waitKey(0) & 0xFF\n",
    "if k == ord('s'):\n",
    "    cv2.imwrite('annotated_aruco'+'.png', frame_markers)\n",
    "\n",
    "print(tvecs[0])\n",
    "print(rvecs[0])\n",
    "print(trash)\n",
    "\n"
   ]
  },
  {
   "source": [
    "import numpy as np\n",
    "import cv2\n",
    "import matplotlib.image as mpimg\n",
    "import pickle\n",
    "import os\n",
    "from scipy.spatial.transform import Rotation as R\n",
    "\n",
    "#Extrensic calibration with Charuco\n",
    "\n",
    "img_dir = '../../../../'\n",
    "calibration_filemame = 'davis240_calibration_2021-03-03.pickle'\n",
    "pose_data_filename = '../../../../davis240_calibration_data2021-03-03.pickle'\n",
    "\n",
    "#Charuco properties\n",
    "aruco_params = aruco.DetectorParameters_create()\n",
    "aruco_params.cornerRefinementMethod = aruco.CORNER_REFINE_SUBPIX\n",
    "aruco_params.cornerRefinementWinSize = 5\n",
    "aruco_params.cornerRefinementMinAccuracy = 0.001\n",
    "aruco_params.cornerRefinementMaxIterations = 5\n",
    "# charuco_dict = aruco.Dictionary_get(aruco.DICT_5X5_250)\n",
    "# CHARUCO_BOARD = aruco.CharucoBoard_create(\n",
    "#         squaresX=18,\n",
    "#         squaresY=18,\n",
    "#         squareLength=0.015,\n",
    "#         markerLength=0.01,\n",
    "#         dictionary=charuco_dict)\n",
    "charuco_dict = aruco.Dictionary_get(aruco.DICT_4X4_1000)\n",
    "CHARUCO_BOARD = aruco.CharucoBoard_create(\n",
    "        squaresX=8,\n",
    "        squaresY=12,\n",
    "        squareLength=0.025,\n",
    "        markerLength=0.020,\n",
    "        dictionary=charuco_dict)\n",
    "\n",
    "calibration_file = open(calibration_filemame, 'rb')\n",
    "calibration_results = pickle.load(calibration_file)\n",
    "\n",
    "mtx = calibration_results['camera_matrix']\n",
    "dist = calibration_results['distortion_coefficients']\n",
    "\n",
    "pose_data_file = open(pose_data_filename, 'rb')\n",
    "pose_data = pickle.load(pose_data_file)\n",
    "\n",
    "B_T0 = [] #transform from base to tool0\n",
    "C_AR = [] #transform from camera to aruco\n",
    "\n",
    "#iterating over images in directory \n",
    "for pose_step in pose_data:\n",
    "    print(pose_step['ee_pose'])\n",
    "    image_file = pose_step['image_dir']\n",
    "    \n",
    "    #reading image\n",
    "    if(image_file[-3:]==\"png\"):\n",
    "        #load image\n",
    "        img = mpimg.imread(img_dir + image_file)\n",
    "\n",
    "        #converting to grayscale\n",
    "        # gray = cv2.cvtColor(img, cv2.COLOR_RGB2GRAY)\n",
    "        # gray = np.uint8(gray*255)\n",
    "        gray = np.uint8(img*255)\n",
    "\n",
    "        cv2.imshow('img',gray)\n",
    "        k = cv2.waitKey(0) & 0xFF\n",
    "\n",
    "        corners, ids, _ = aruco.detectMarkers(\n",
    "                        image=gray,\n",
    "                        dictionary=charuco_dict,\n",
    "                        parameters=aruco_params)\n",
    "\n",
    "        response, chararuco_corners, chararuco_ids = aruco.interpolateCornersCharuco(\n",
    "            markerCorners=corners,\n",
    "            markerIds=ids,\n",
    "            image=gray,\n",
    "            board=CHARUCO_BOARD) \n",
    "\n",
    "        if response > 6:           \n",
    "            rvec = np.empty(shape=(1,))\n",
    "            tvec = np.empty(shape=(1,))\n",
    "            retval, rvecs, tvecs = aruco.estimatePoseCharucoBoard(chararuco_corners, chararuco_ids, CHARUCO_BOARD, mtx, dist, rvec, tvec)\n",
    "\n",
    "            img = aruco.drawDetectedCornersCharuco(\n",
    "                        image=img,\n",
    "                        charucoCorners=chararuco_corners,\n",
    "                        charucoIds=chararuco_ids)\n",
    "\n",
    "            cv2.imshow('img',img)\n",
    "            k = cv2.waitKey(0) & 0xFF\n",
    "            if k == ord('s'):\n",
    "                cv2.imwrite('annotated'+'.png', img)\n",
    "\n",
    "            B_T0.append(pose_step['ee_pose'])\n",
    "\n",
    "\n",
    "            aruco_correction_dcm = np.array([[0, 1, 0], [1, 0, 0], [0, 0, -1]])#Correct alignment of charuco frame\n",
    "\n",
    "            p_cam_board = np.array(tvecs).reshape(3,-1)\n",
    "            rotv_cam_board = np.array(rvecs).reshape(3)\n",
    "            R_cam_board = R.from_rotvec(rotv_cam_board)\n",
    "            DCM_cam_board = np.matmul(R_cam_board.as_dcm(), aruco_correction_dcm)\n",
    "            C_AR.append(np.vstack([np.c_[DCM_cam_board, p_cam_board], [0, 0, 0, 1]]))\n",
    "\n",
    "\n",
    "            print(tvecs)\n",
    "            print(rvecs)\n"
   ],
   "cell_type": "code",
   "metadata": {},
   "execution_count": 3,
   "outputs": [
    {
     "output_type": "stream",
     "name": "stdout",
     "text": [
      "[[-9.99999999e-01  2.67333494e-05  3.76949893e-05 -3.50054664e-02]\n",
      " [ 2.67329486e-05  1.00000000e+00 -1.06341508e-05 -3.88610968e-01]\n",
      " [-3.76952736e-05 -1.06331431e-05 -9.99999999e-01  4.01416046e-01]\n",
      " [ 0.00000000e+00  0.00000000e+00  0.00000000e+00  1.00000000e+00]]\n",
      "[[0.12269737]\n",
      " [0.11341398]\n",
      " [0.24621872]]\n",
      "[[-2.16846424]\n",
      " [ 2.26566728]\n",
      " [-0.02295235]]\n",
      "[[-9.99999999e-01  2.87878764e-05 -2.03746508e-05 -2.97618387e-02]\n",
      " [ 2.54186918e-05  9.88763876e-01  1.49485777e-01 -4.39829381e-01]\n",
      " [ 2.44490968e-05  1.49485777e-01 -9.88763876e-01  4.31894754e-01]\n",
      " [ 0.00000000e+00  0.00000000e+00  0.00000000e+00  1.00000000e+00]]\n",
      "[[0.12768842]\n",
      " [0.11163942]\n",
      " [0.26156453]]\n",
      "[[-2.09637546]\n",
      " [ 2.18672719]\n",
      " [ 0.1262144 ]]\n",
      "[[-0.99612193 -0.00530045  0.08782369 -0.0441728 ]\n",
      " [ 0.00538055  0.99264557  0.12093727 -0.44303282]\n",
      " [-0.08781882  0.1209408  -0.9887675   0.42682909]\n",
      " [ 0.          0.          0.          1.        ]]\n",
      "[[-0.98984597 -0.00320924  0.14210788 -0.07129206]\n",
      " [ 0.00338485  0.99892943  0.04613599 -0.39461132]\n",
      " [-0.1421038   0.04614854 -0.98877542  0.41222639]\n",
      " [ 0.          0.          0.          1.        ]]\n",
      "[[0.13431219]\n",
      " [0.10318946]\n",
      " [0.24097855]]\n",
      "[[ 2.14743474]\n",
      " [-2.25226491]\n",
      " [-0.18953415]]\n",
      "[[-0.98984184  0.00328146  0.14213499 -0.07480635]\n",
      " [-0.00329726  0.99893486 -0.04602474 -0.38191536]\n",
      " [-0.14213462 -0.04602587 -0.9887767   0.39014697]\n",
      " [ 0.          0.          0.          1.        ]]\n",
      "[[0.12923158]\n",
      " [0.12108731]\n",
      " [0.23095424]]\n",
      "[[ 2.10480253]\n",
      " [-2.20517777]\n",
      " [-0.08380616]]\n",
      "[[-0.99612317  0.00534457  0.087807   -0.0533827 ]\n",
      " [-0.00532344  0.99266112 -0.12081205 -0.35596877]\n",
      " [-0.08780829 -0.12081112 -0.98878429  0.37232738]\n",
      " [ 0.          0.          0.          1.        ]]\n",
      "[[0.13248399]\n",
      " [0.11776075]\n",
      " [0.22996554]]\n",
      "[[ 2.09505137]\n",
      " [-2.19639604]\n",
      " [ 0.05759947]]\n",
      "[[-9.99999999e-01  3.03054480e-06 -4.58538867e-05 -1.53540803e-02]\n",
      " [ 9.84298719e-06  9.88790536e-01 -1.49309331e-01 -3.41659033e-01]\n",
      " [ 4.48874006e-05 -1.49309332e-01 -9.88790535e-01  3.62872244e-01]\n",
      " [ 0.00000000e+00  0.00000000e+00  0.00000000e+00  1.00000000e+00]]\n",
      "[[0.1429239 ]\n",
      " [0.11153868]\n",
      " [0.23431933]]\n",
      "[[ 2.10360595]\n",
      " [-2.20256063]\n",
      " [ 0.21452015]]\n",
      "[[-9.96121830e-01 -5.40674326e-03 -8.78183726e-02 -3.11004764e-04]\n",
      " [ 5.27116404e-03  9.92650025e-01 -1.20905513e-01 -3.57515239e-01]\n",
      " [ 8.78266148e-02 -1.20899526e-01 -9.88771860e-01  3.68420634e-01]\n",
      " [ 0.00000000e+00  0.00000000e+00  0.00000000e+00  1.00000000e+00]]\n",
      "[[0.12988678]\n",
      " [0.12044748]\n",
      " [0.24572448]]\n",
      "[[-2.16671472]\n",
      " [ 2.26356742]\n",
      " [-0.28221119]]\n",
      "[[-0.98984457 -0.00330088 -0.14211558 -0.00168795]\n",
      " [ 0.00328151  0.99893338 -0.04605786 -0.38768929]\n",
      " [ 0.14211603 -0.04605647 -0.98877795  0.38705491]\n",
      " [ 0.          0.          0.          1.        ]]\n",
      "[[-0.98984878  0.00335435 -0.14208496  0.02684388]\n",
      " [-0.00324492  0.99892746  0.04618884 -0.40806914]\n",
      " [ 0.1420875   0.04618102 -0.98877624  0.40362922]\n",
      " [ 0.          0.          0.          1.        ]]\n",
      "[[0.13501613]\n",
      " [0.11695701]\n",
      " [0.26948556]]\n",
      "[[-2.06724868]\n",
      " [ 2.15359328]\n",
      " [-0.1505737 ]]\n",
      "[[-0.99612651  0.00536931 -0.08776758 -0.01814879]\n",
      " [-0.00530541  0.99264555  0.12094076 -0.42305701]\n",
      " [ 0.08777146  0.12093794 -0.98877206  0.42596855]\n",
      " [ 0.          0.          0.          1.        ]]\n",
      "[[0.10780662]\n",
      " [0.10546998]\n",
      " [0.26805416]]\n",
      "[[-2.06957211]\n",
      " [ 2.16088302]\n",
      " [ 0.02502335]]\n",
      "[[-1.00000000e+00  2.34612156e-05  6.63199741e-06 -1.92559359e-02]\n",
      " [ 2.43731712e-05  9.55300295e-01  2.95637185e-01 -4.77109102e-01]\n",
      " [ 6.00458640e-07  2.95637185e-01 -9.55300296e-01  4.59355791e-01]\n",
      " [ 0.00000000e+00  0.00000000e+00  0.00000000e+00  1.00000000e+00]]\n",
      "[[-0.98455513 -0.02124528  0.17378097 -0.0895015 ]\n",
      " [ 0.02125871  0.97075745  0.23911931 -0.48283656]\n",
      " [-0.17377933  0.2391205  -0.95531258  0.44236776]\n",
      " [ 0.          0.          0.          1.        ]]\n",
      "[[0.1314398 ]\n",
      " [0.12074216]\n",
      " [0.25084528]]\n",
      "[[-2.10646441]\n",
      " [ 2.20264208]\n",
      " [ 0.42803378]]\n",
      "[[-0.95958892 -0.01313032  0.28109909 -0.10668758]\n",
      " [ 0.01311511  0.99573865  0.09128271 -0.43057802]\n",
      " [-0.2810998   0.09128053 -0.95532757  0.41682118]\n",
      " [ 0.          0.          0.          1.        ]]\n",
      "[[0.14674899]\n",
      " [0.12347775]\n",
      " [0.22664961]]\n",
      "[[ 2.07836529]\n",
      " [-2.17864886]\n",
      " [-0.35195133]]\n",
      "[[-0.95962018  0.01300501  0.2809982  -0.12437355]\n",
      " [-0.01325151  0.99573174 -0.09133838 -0.37433421]\n",
      " [-0.28098668 -0.0913738  -0.95535193  0.37020794]\n",
      " [ 0.          0.          0.          1.        ]]\n",
      "[[-0.98457017  0.02120262  0.17370095 -0.07256988]\n",
      " [-0.02127334  0.97076754 -0.23907703 -0.33182163]\n",
      " [-0.1736923  -0.23908332 -0.95533772  0.33951188]\n",
      " [ 0.          0.          0.          1.        ]]\n",
      "[[0.13718212]\n",
      " [0.12236762]\n",
      " [0.20347987]]\n",
      "[[ 1.96458161]\n",
      " [-2.07093732]\n",
      " [ 0.15042371]]\n",
      "[[-1.00000000e+00 -4.48270527e-06 -2.36619593e-06 -4.82096077e-02]\n",
